
models                   LL-train  LL-valid  LL-test  PPL-train  PPL-valid  PPL-test  WER     LL-wsj  PPL-wsj  
KN2                      24.059    24.264    23.987   13.026     13.077     12.936    10.591  
KN3                      21.539    21.700    21.558   9.953      10.184     9.996     11.591  21.558  9.996    
KN4                      18.901    19.643    19.422   7.511      8.173      7.958     9.858   19.422  7.958    
KN5                      16.009    18.077    17.766   5.517      6.913      6.668     7.789   17.766  6.668    
lstm_16x1                22.841    26.008    25.825   7.450      9.889      9.704     11.813  0       0        
lstm_32x1                20.055    20.217    20.055   8.497      8.793      8.477     10.575  0       0        
lstm_e32_h32x1_BNCE      13.602    13.683    13.602   4.268      4.355      4.232     10.450  0       0        
lstm_e32_h32x1_BNCE_SGD  10.672    10.783    10.672   3.122      3.188      3.107     0       0       0        
